asics 0 0 0 0 0 0 0 0
ゲルバーストRS2Z 1,1,0 5 5 4 4 5 5 410
ゲルフープV6 1,1,0 5 5 4 4 5 5 356
ゲルバーストRS2 1,0,0 4 5 5 4 4 5 405
ゲルスクープ 1,1,0 4 5 4 5 5 5 403
ゲルスクラッチ 0,1,1 4 5 5 4 5 5 420
ゲルフープゼロロー 1,1,0 5 5 4 4 5 5 349
ゲルレジェンド5 1,1,1 5 5 4 5 4 5 398
ゲルフープゼロ 1,0,0 5 5 4 5 4 5 360
ゲルトライフォースアストレーション 1,1,1 4 5 5 4 4 5 405
ゲルディビジョン5 0,1,1 4 5 5 5 4 4 456
ゲルトライフォース 0,1,0 4 5 5 4 4 5 410
NIKE 0 0 0 0 0 0 0 0
ハイパーダンク2014EP 1,1,0 5 4 4 5 5 5 367
KD7 1,1,1 5 4 5 5 5 5 356
ジョーダンエース23Ⅱ 0,1,0 5 4 4 5 5 5 398
ルナハイパークイックネス 1,0,0 5 4 4 5 5 5 301
ジョーダンスーパーフライ2PO 0,1,1 5 4 4 5 5 5 398
レブロンST3 0,1,0 5 4 4 5 5 5 365
デュアルフージョンBB2 1,1,0 5 4 4 5 4 5 350
ハイパーレブ 1,0,0 5 4 5 5 5 5 321
ズームアップテンポ5プレミアム 1,1,1 4 4 4 5 5 5 456
ハイパーフューズ2013 1,1,1 5 4 4 5 5 5 378
ハイパークイックネスジャパン 1,0,0 5 4 4 5 5 5 301
エアズームブレイブ4 0,1,0 4 5 4 5 5 5 389
その他 0 0 0 0 0 0 0 0
AND1｜タイチミッド 0,1,0 5 4 5 5 4 4 373
AND1｜エントラージュ5エレメンツ 1,0,0 5 4 4 5 4 4 367
AND1｜ガーディアンミッド 0,1,1 4 5 4 5 5 5 391
adidas｜クレイジークイック2 1,1,0 5 4 4 5 4 5 322
adidas｜アディゼロクレイジーライト3 1,0,0 5 4 4 5 4 5 258
adidas｜D_ROSE4.5 1,0,0 5 4 4 5 4 5 344